4 0.6420329213142395 0.5180810242891312 0.30028074979782104 0.4931563436985016 0.9601548004150391
1 0.6420329213142395 0.5180810242891312 0.30028074979782104 0.4931563436985016 0.9601548004150391
1 0.26365727186203003 0.5627727210521698 0.5273145437240601 0.6859753131866455 0.9594908142089844
3 0.6420329213142395 0.5180810242891312 0.30028074979782104 0.4931563436985016 0.9601548004150391
3 0.26365727186203003 0.5627727210521698 0.5273145437240601 0.6859753131866455 0.9594908142089844
5 0.6420329213142395 0.5180810242891312 0.30028074979782104 0.4931563436985016 0.9601548004150391
0 0.26365727186203003 0.5627727210521698 0.5273145437240601 0.6859753131866455 0.9594908142089844
2 0.26365727186203003 0.5627727210521698 0.5273145437240601 0.6859753131866455 0.9594908142089844
8 0.5242869555950165 0.42181598022580147 0.052506446838378906 0.032407619059085846 0.8000888061523438
16 0.6188743263483047 0.17434348410461098 0.7611818313598633 0.34647974371910095 0.6021136474609375
