0 0.43132147192955017 0.5284335762262344 0.3982141613960266 0.647311806678772 0.9735648345947265
0 0.13408000872004777 0.5476827919483185 0.2652285397052765 0.5086512565612793 0.799955062866211
1 0.43132147192955017 0.5284335762262344 0.3982141613960266 0.647311806678772 0.9735648345947265
1 0.7351054027676582 0.5034091770648956 0.2369716316461563 0.48997926712036133 0.8801036834716797
1 0.13408000872004777 0.5476827919483185 0.2652285397052765 0.5086512565612793 0.799955062866211
2 0.43132147192955017 0.5284335762262344 0.3982141613960266 0.647311806678772 0.9735648345947265
2 0.13408000872004777 0.5476827919483185 0.2652285397052765 0.5086512565612793 0.799955062866211
3 0.43132147192955017 0.5284335762262344 0.3982141613960266 0.647311806678772 0.9735648345947265
3 0.7351054027676582 0.5034091770648956 0.2369716316461563 0.48997926712036133 0.8801036834716797
3 0.13408000872004777 0.5476827919483185 0.2652285397052765 0.5086512565612793 0.799955062866211
4 0.7351054027676582 0.5034091770648956 0.2369716316461563 0.48997926712036133 0.8801036834716797
5 0.7351054027676582 0.5034091770648956 0.2369716316461563 0.48997926712036133 0.8801036834716797
