4 0.6380317658185959 0.512051522731781 0.28498533368110657 0.4864048957824707 0.9868061828613282
1 0.6380317658185959 0.512051522731781 0.28498533368110657 0.4864048957824707 0.9868061828613282
1 0.2968295197933912 0.5627190321683884 0.5469681024551392 0.6731491088867188 0.9758329010009765
3 0.6380317658185959 0.512051522731781 0.28498533368110657 0.4864048957824707 0.9868061828613282
3 0.2968295197933912 0.5627190321683884 0.5469681024551392 0.6731491088867188 0.9758329010009765
3 0.052729230432305485 0.6208650767803192 0.10486827045679092 0.3840026259422302 0.7302931213378906
5 0.6380317658185959 0.512051522731781 0.28498533368110657 0.4864048957824707 0.9868061828613282
0 0.2968295197933912 0.5627190321683884 0.5469681024551392 0.6731491088867188 0.9758329010009765
0 0.052729230432305485 0.6208650767803192 0.10486827045679092 0.3840026259422302 0.7302931213378906
2 0.2968295197933912 0.5627190321683884 0.5469681024551392 0.6731491088867188 0.9758329010009765
13 0.052729230432305485 0.6208650767803192 0.10486827045679092 0.3840026259422302 0.7302931213378906
14 0.052729230432305485 0.6208650767803192 0.10486827045679092 0.3840026259422302 0.7302931213378906
15 0.052729230432305485 0.6208650767803192 0.10486827045679092 0.3840026259422302 0.7302931213378906
