4 0.7651767283678055 0.5689520239830017 0.46031513810157776 0.5987130403518677 0.99545654296875
1 0.7651767283678055 0.5689520239830017 0.46031513810157776 0.5987130403518677 0.99545654296875
1 0.2949292063713074 0.5838653445243835 0.5898584127426147 0.8322604894638062 0.9887125396728516
3 0.7651767283678055 0.5689520239830017 0.46031513810157776 0.5987130403518677 0.99545654296875
3 0.2949292063713074 0.5838653445243835 0.5898584127426147 0.8322604894638062 0.9887125396728516
5 0.7651767283678055 0.5689520239830017 0.46031513810157776 0.5987130403518677 0.99545654296875
0 0.2949292063713074 0.5838653445243835 0.5898584127426147 0.8322604894638062 0.9887125396728516
2 0.2949292063713074 0.5838653445243835 0.5898584127426147 0.8322604894638062 0.9887125396728516
16 0.4930463135242462 0.3228196054697037 0.4782031774520874 0.2752132713794708 0.9474263763427735
16 0.9299564957618713 0.2270447164773941 0.1397533416748047 0.23550859093666077 0.6760526275634766
7 0.21022779075428843 0.47524163126945496 0.4095691740512848 0.40782690048217773 0.7649950408935546
