4 0.8090924322605133 0.6074352860450745 0.3818151354789734 0.7017621994018555 0.9466062927246094
1 0.8090924322605133 0.6074352860450745 0.3818151354789734 0.7017621994018555 0.9466062927246094
1 0.2515590297989547 0.5840039849281311 0.4929574131965637 0.831991970539093 0.9390347290039063
3 0.8090924322605133 0.6074352860450745 0.3818151354789734 0.7017621994018555 0.9466062927246094
3 0.2515590297989547 0.5840039849281311 0.4929574131965637 0.831991970539093 0.9390347290039063
5 0.8090924322605133 0.6074352860450745 0.3818151354789734 0.7017621994018555 0.9466062927246094
0 0.2515590297989547 0.5840039849281311 0.4929574131965637 0.831991970539093 0.9390347290039063
2 0.2515590297989547 0.5840039849281311 0.4929574131965637 0.831991970539093 0.9390347290039063
16 0.8027781844139099 0.3282059133052826 0.3944436311721802 0.26995259523391724 0.91141357421875
20 0.07098381780087948 0.25995995104312897 0.0956801101565361 0.044893860816955566 0.8305704498291016
8 0.8127394169569016 0.4782450795173645 0.07162484526634216 0.0441737174987793 0.7942122650146485
