3 0.33565814048051834 0.5364778190851212 0.44834843277931213 0.6501414179801941 0.9797757720947265
3 0.6674334481358528 0.5042912065982819 0.2155926376581192 0.4904478192329407 0.9440531921386719
3 0.05146940890699625 0.5994503498077393 0.10183131694793701 0.5169628858566284 0.6714836883544922
0 0.33565814048051834 0.5364778190851212 0.44834843277931213 0.6501414179801941 0.9797757720947265
0 0.05146940890699625 0.5994503498077393 0.10183131694793701 0.5169628858566284 0.6714836883544922
1 0.33565814048051834 0.5364778190851212 0.44834843277931213 0.6501414179801941 0.9797757720947265
1 0.6674334481358528 0.5042912065982819 0.2155926376581192 0.4904478192329407 0.9440531921386719
1 0.05146940890699625 0.5994503498077393 0.10183131694793701 0.5169628858566284 0.6714836883544922
2 0.33565814048051834 0.5364778190851212 0.44834843277931213 0.6501414179801941 0.9797757720947265
2 0.05146940890699625 0.5994503498077393 0.10183131694793701 0.5169628858566284 0.6714836883544922
4 0.6674334481358528 0.5042912065982819 0.2155926376581192 0.4904478192329407 0.9440531921386719
5 0.6674334481358528 0.5042912065982819 0.2155926376581192 0.4904478192329407 0.9440531921386719
12 0.5391212217509747 0.47465113550424576 0.08236481994390488 0.07089133560657501 0.6880290985107422
