0 0.7739422172307968 0.6246927082538605 0.44774243235588074 0.7423853874206543 0.9597725677490234
0 0.224387823138386 0.6140324771404266 0.44357529282569885 0.7665900588035583 0.9448281097412109
1 0.7739422172307968 0.6246927082538605 0.44774243235588074 0.7423853874206543 0.9597725677490234
1 0.224387823138386 0.6140324771404266 0.44357529282569885 0.7665900588035583 0.9448281097412109
2 0.7739422172307968 0.6246927082538605 0.44774243235588074 0.7423853874206543 0.9597725677490234
2 0.224387823138386 0.6140324771404266 0.44357529282569885 0.7665900588035583 0.9448281097412109
3 0.7739422172307968 0.6246927082538605 0.44774243235588074 0.7423853874206543 0.9597725677490234
3 0.224387823138386 0.6140324771404266 0.44357529282569885 0.7665900588035583 0.9448281097412109
21 0.7109681516885757 0.5001238584518433 0.07277098298072815 0.03911089897155762 0.7201377868652343
16 0.7444871217012405 0.31417324393987656 0.3545326292514801 0.2103528529405594 0.6396645355224609
