4 0.797072559595108 0.6018913388252258 0.40585488080978394 0.6875773668289185 0.9413352966308594
1 0.797072559595108 0.6018913388252258 0.40585488080978394 0.6875773668289185 0.9413352966308594
1 0.26923875138163567 0.584893211722374 0.4443557560443878 0.8302135467529297 0.9325762939453125
3 0.797072559595108 0.6018913388252258 0.40585488080978394 0.6875773668289185 0.9413352966308594
3 0.26923875138163567 0.584893211722374 0.4443557560443878 0.8302135467529297 0.9325762939453125
5 0.797072559595108 0.6018913388252258 0.40585488080978394 0.6875773668289185 0.9413352966308594
0 0.26923875138163567 0.584893211722374 0.4443557560443878 0.8302135467529297 0.9325762939453125
2 0.26923875138163567 0.584893211722374 0.4443557560443878 0.8302135467529297 0.9325762939453125
16 0.7945401519536972 0.32824599742889404 0.41091975569725037 0.27044814825057983 0.8867076873779297
8 0.8150798305869102 0.4764216188341379 0.07302431762218475 0.04431586340069771 0.8710633087158203
20 0.07866432890295982 0.2587489392608404 0.09658554196357727 0.05285758897662163 0.8524936676025391
