4 0.8348368704319 0.5867384970188141 0.33032625913619995 0.6594752073287964 0.9665994262695312
1 0.8348368704319 0.5867384970188141 0.33032625913619995 0.6594752073287964 0.9665994262695312
1 0.2572864480316639 0.580329030752182 0.402031809091568 0.8366435170173645 0.9342052459716796
3 0.8348368704319 0.5867384970188141 0.33032625913619995 0.6594752073287964 0.9665994262695312
3 0.2572864480316639 0.580329030752182 0.402031809091568 0.8366435170173645 0.9342052459716796
5 0.8348368704319 0.5867384970188141 0.33032625913619995 0.6594752073287964 0.9665994262695312
16 0.7727643102407455 0.325715109705925 0.45447131991386414 0.27544063329696655 0.9433952331542969
0 0.2572864480316639 0.580329030752182 0.402031809091568 0.8366435170173645 0.9342052459716796
2 0.2572864480316639 0.580329030752182 0.402031809091568 0.8366435170173645 0.9342052459716796
8 0.8101620525121689 0.47177218832075596 0.0723620355129242 0.042749691754579544 0.9079996490478516
8 0.0766131542623043 0.2607567757368088 0.09977977722883224 0.05533719062805176 0.8078548431396484
