0 0.20939311462279875 0.575731098651886 0.4184457063674927 0.8442322611808777 0.9684391021728516
1 0.20939311462279875 0.575731098651886 0.4184457063674927 0.8442322611808777 0.9684391021728516
1 0.8596184700727463 0.5953367948532104 0.2807631194591522 0.7386547923088074 0.958884506225586
2 0.20939311462279875 0.575731098651886 0.4184457063674927 0.8442322611808777 0.9684391021728516
3 0.20939311462279875 0.575731098651886 0.4184457063674927 0.8442322611808777 0.9684391021728516
3 0.8596184700727463 0.5953367948532104 0.2807631194591522 0.7386547923088074 0.958884506225586
4 0.8596184700727463 0.5953367948532104 0.2807631194591522 0.7386547923088074 0.958884506225586
5 0.8596184700727463 0.5953367948532104 0.2807631194591522 0.7386547923088074 0.958884506225586
8 0.7614744454622269 0.4739974197000265 0.08311405777931213 0.059986066073179245 0.8430572509765625
11 0.3285539448261261 0.4685034304857254 0.2402852475643158 0.2580547034740448 0.6400353240966797
