0 0.23865117132663727 0.5660844147205353 0.47730234265327454 0.6899796724319458 0.9693961334228516
1 0.23865117132663727 0.5660844147205353 0.47730234265327454 0.6899796724319458 0.9693961334228516
1 0.648195818066597 0.5206638872623444 0.30711910128593445 0.4982263445854187 0.9418838500976563
2 0.23865117132663727 0.5660844147205353 0.47730234265327454 0.6899796724319458 0.9693961334228516
3 0.23865117132663727 0.5660844147205353 0.47730234265327454 0.6899796724319458 0.9693961334228516
3 0.648195818066597 0.5206638872623444 0.30711910128593445 0.4982263445854187 0.9418838500976563
4 0.648195818066597 0.5206638872623444 0.30711910128593445 0.4982263445854187 0.9418838500976563
5 0.648195818066597 0.5206638872623444 0.30711910128593445 0.4982263445854187 0.9418838500976563
7 0.2235712632536888 0.44097405672073364 0.44421425461769104 0.33093905448913574 0.8341632080078125
8 0.5177425071597099 0.42545458674430847 0.05387358367443085 0.03511357307434082 0.8101566314697266
17 0.42712798714637756 0.22311731427907944 0.2836974263191223 0.23389530181884766 0.5634195709228516
