3 0.3687766492366791 0.5290849357843399 0.40699508786201477 0.6503709554672241 0.9774997711181641
3 0.6999652832746506 0.5048728287220001 0.2433682382106781 0.49023741483688354 0.969831314086914
3 0.10228702623862773 0.5578397214412689 0.20105943083763123 0.4805181622505188 0.7101557922363281
0 0.3687766492366791 0.5290849357843399 0.40699508786201477 0.6503709554672241 0.9774997711181641
0 0.10228702623862773 0.5578397214412689 0.20105943083763123 0.4805181622505188 0.7101557922363281
1 0.3687766492366791 0.5290849357843399 0.40699508786201477 0.6503709554672241 0.9774997711181641
1 0.6999652832746506 0.5048728287220001 0.2433682382106781 0.49023741483688354 0.969831314086914
1 0.10228702623862773 0.5578397214412689 0.20105943083763123 0.4805181622505188 0.7101557922363281
2 0.3687766492366791 0.5290849357843399 0.40699508786201477 0.6503709554672241 0.9774997711181641
2 0.10228702623862773 0.5578397214412689 0.20105943083763123 0.4805181622505188 0.7101557922363281
4 0.6999652832746506 0.5048728287220001 0.2433682382106781 0.49023741483688354 0.969831314086914
5 0.6999652832746506 0.5048728287220001 0.2433682382106781 0.49023741483688354 0.969831314086914
8 0.21171317994594574 0.4592325799167156 0.06313666701316833 0.04211249202489853 0.5506491088867187
