4 0.6303750872612 0.5314736366271973 0.28775179386138916 0.5066045522689819 0.9977216339111328
1 0.6303750872612 0.5314736366271973 0.28775179386138916 0.5066045522689819 0.9977216339111328
1 0.2030763030052185 0.6078099608421326 0.406152606010437 0.7788523435592651 0.9770241546630859
3 0.6303750872612 0.5314736366271973 0.28775179386138916 0.5066045522689819 0.9977216339111328
3 0.2030763030052185 0.6078099608421326 0.406152606010437 0.7788523435592651 0.9770241546630859
5 0.6303750872612 0.5314736366271973 0.28775179386138916 0.5066045522689819 0.9977216339111328
0 0.2030763030052185 0.6078099608421326 0.406152606010437 0.7788523435592651 0.9770241546630859
2 0.2030763030052185 0.6078099608421326 0.406152606010437 0.7788523435592651 0.9770241546630859
7 0.21580849401652813 0.45734234154224396 0.38277682662010193 0.33758506178855896 0.7756964874267578
8 0.527833791449666 0.4301440827548504 0.05363208428025246 0.03312506526708603 0.704140625
