4 0.7423480749130249 0.5565043687820435 0.30180394649505615 0.5746358036994934 0.992484359741211
1 0.7423480749130249 0.5565043687820435 0.30180394649505615 0.5746358036994934 0.992484359741211
1 0.234502476407215 0.5883031785488129 0.46456587314605713 0.8175927996635437 0.944029312133789
3 0.7423480749130249 0.5565043687820435 0.30180394649505615 0.5746358036994934 0.992484359741211
3 0.234502476407215 0.5883031785488129 0.46456587314605713 0.8175927996635437 0.944029312133789
5 0.7423480749130249 0.5565043687820435 0.30180394649505615 0.5746358036994934 0.992484359741211
0 0.234502476407215 0.5883031785488129 0.46456587314605713 0.8175927996635437 0.944029312133789
2 0.234502476407215 0.5883031785488129 0.46456587314605713 0.8175927996635437 0.944029312133789
7 0.7436913400888443 0.46938810497522354 0.30221596360206604 0.22830040752887726 0.7381046295166016
8 0.6222773417830467 0.45842115953564644 0.05990605056285858 0.04751858860254288 0.708263168334961
18 0.22940779477357864 0.4797309935092926 0.3929559886455536 0.4117576479911804 0.6339565658569336
