0 0.3014999218285084 0.5800658017396927 0.5472791194915771 0.8365017771720886 0.9707213592529297
1 0.3014999218285084 0.5800658017396927 0.5472791194915771 0.8365017771720886 0.9707213592529297
1 0.8371661454439163 0.6052229702472687 0.32247379422187805 0.7317848801612854 0.9544814300537109
2 0.3014999218285084 0.5800658017396927 0.5472791194915771 0.8365017771720886 0.9707213592529297
3 0.3014999218285084 0.5800658017396927 0.5472791194915771 0.8365017771720886 0.9707213592529297
3 0.8371661454439163 0.6052229702472687 0.32247379422187805 0.7317848801612854 0.9544814300537109
4 0.8371661454439163 0.6052229702472687 0.32247379422187805 0.7317848801612854 0.9544814300537109
5 0.8371661454439163 0.6052229702472687 0.32247379422187805 0.7317848801612854 0.9544814300537109
16 0.875959999859333 0.31953272223472595 0.24553228914737701 0.26879173517227173 0.885264892578125
8 0.8098050802946091 0.48514539562165737 0.076331228017807 0.04599184915423393 0.8315586090087891
