4 0.6366275101900101 0.5168717503547668 0.30035993456840515 0.4917876124382019 0.9966847229003907
1 0.6366275101900101 0.5168717503547668 0.30035993456840515 0.4917876124382019 0.9966847229003907
1 0.271757640177384 0.5637574791908264 0.5375993251800537 0.6823889017105103 0.9636585998535157
3 0.6366275101900101 0.5168717503547668 0.30035993456840515 0.4917876124382019 0.9966847229003907
3 0.271757640177384 0.5637574791908264 0.5375993251800537 0.6823889017105103 0.9636585998535157
5 0.6366275101900101 0.5168717503547668 0.30035993456840515 0.4917876124382019 0.9966847229003907
0 0.271757640177384 0.5637574791908264 0.5375993251800537 0.6823889017105103 0.9636585998535157
2 0.271757640177384 0.5637574791908264 0.5375993251800537 0.6823889017105103 0.9636585998535157
8 0.5249768495559692 0.41974536795169115 0.05395650863647461 0.029053354635834694 0.8006486511230468
7 0.2428252510726452 0.4387754946947098 0.4029524028301239 0.3302004635334015 0.6761585998535157
16 0.6203419119119644 0.17681659013032913 0.752113401889801 0.34422463178634644 0.6094380569458008
