0 0.47164303064346313 0.5282374322414398 0.4068300127983093 0.6489750146865845 0.9786591339111328
0 0.12960125808604062 0.5250228345394135 0.25820380449295044 0.5432654023170471 0.8297917938232422
1 0.47164303064346313 0.5282374322414398 0.4068300127983093 0.6489750146865845 0.9786591339111328
1 0.7286845967173576 0.5012679398059845 0.22489427030086517 0.4838324189186096 0.9532706451416015
1 0.12960125808604062 0.5250228345394135 0.25820380449295044 0.5432654023170471 0.8297917938232422
2 0.47164303064346313 0.5282374322414398 0.4068300127983093 0.6489750146865845 0.9786591339111328
2 0.12960125808604062 0.5250228345394135 0.25820380449295044 0.5432654023170471 0.8297917938232422
3 0.47164303064346313 0.5282374322414398 0.4068300127983093 0.6489750146865845 0.9786591339111328
3 0.7286845967173576 0.5012679398059845 0.22489427030086517 0.4838324189186096 0.9532706451416015
3 0.12960125808604062 0.5250228345394135 0.25820380449295044 0.5432654023170471 0.8297917938232422
4 0.7286845967173576 0.5012679398059845 0.22489427030086517 0.4838324189186096 0.9532706451416015
5 0.7286845967173576 0.5012679398059845 0.22489427030086517 0.4838324189186096 0.9532706451416015
8 0.3023501764982939 0.44906330667436123 0.05494150146842003 0.03769369050860405 0.680020980834961
6 0.688031978905201 0.7248983271420002 0.1267005354166031 0.03564462810754776 0.603839454650879
