4 0.826710656285286 0.5932525992393494 0.3465786278247833 0.6693628430366516 0.9782881927490235
1 0.826710656285286 0.5932525992393494 0.3465786278247833 0.6693628430366516 0.9782881927490235
1 0.2621736526489258 0.5833213478326797 0.4079829454421997 0.8322928547859192 0.9488027954101562
3 0.826710656285286 0.5932525992393494 0.3465786278247833 0.6693628430366516 0.9782881927490235
3 0.2621736526489258 0.5833213478326797 0.4079829454421997 0.8322928547859192 0.9488027954101562
5 0.826710656285286 0.5932525992393494 0.3465786278247833 0.6693628430366516 0.9782881927490235
0 0.2621736526489258 0.5833213478326797 0.4079829454421997 0.8322928547859192 0.9488027954101562
2 0.2621736526489258 0.5833213478326797 0.4079829454421997 0.8322928547859192 0.9488027954101562
20 0.08020252361893654 0.2599311973899603 0.09720160812139511 0.05552990362048149 0.9048641967773438
16 0.7846712619066238 0.32875655591487885 0.43065741658210754 0.2721503674983978 0.8836322784423828
8 0.8158172108232975 0.47301935590803623 0.07246095687150955 0.04141120985150337 0.8598820495605469
