0 0.36464813351631165 0.5311186611652374 0.4106025695800781 0.6486281156539917 0.9713929748535156
0 0.0882677510380745 0.56069116294384 0.176535502076149 0.47631844878196716 0.6913529205322265
1 0.36464813351631165 0.5311186611652374 0.4106025695800781 0.6486281156539917 0.9713929748535156
1 0.6937492489814758 0.5049253702163696 0.23818635940551758 0.4907706379890442 0.9393289947509765
1 0.0882677510380745 0.56069116294384 0.176535502076149 0.47631844878196716 0.6913529205322265
2 0.36464813351631165 0.5311186611652374 0.4106025695800781 0.6486281156539917 0.9713929748535156
2 0.0882677510380745 0.56069116294384 0.176535502076149 0.47631844878196716 0.6913529205322265
3 0.36464813351631165 0.5311186611652374 0.4106025695800781 0.6486281156539917 0.9713929748535156
3 0.6937492489814758 0.5049253702163696 0.23818635940551758 0.4907706379890442 0.9393289947509765
3 0.0882677510380745 0.56069116294384 0.176535502076149 0.47631844878196716 0.6913529205322265
4 0.6937492489814758 0.5049253702163696 0.23818635940551758 0.4907706379890442 0.9393289947509765
5 0.6937492489814758 0.5049253702163696 0.23818635940551758 0.4907706379890442 0.9393289947509765
8 0.20043514482676983 0.4620016571134329 0.06005355343222618 0.041387271136045456 0.6767588043212891
