4 0.7794624269008636 0.5839150547981262 0.4410751461982727 0.6140466928482056 0.9932204437255859
1 0.7794624269008636 0.5839150547981262 0.4410751461982727 0.6140466928482056 0.9932204437255859
1 0.29601484537124634 0.5840578526258469 0.5920296907424927 0.8316413760185242 0.970419921875
3 0.7794624269008636 0.5839150547981262 0.4410751461982727 0.6140466928482056 0.9932204437255859
3 0.29601484537124634 0.5840578526258469 0.5920296907424927 0.8316413760185242 0.970419921875
5 0.7794624269008636 0.5839150547981262 0.4410751461982727 0.6140466928482056 0.9932204437255859
0 0.29601484537124634 0.5840578526258469 0.5920296907424927 0.8316413760185242 0.970419921875
2 0.29601484537124634 0.5840578526258469 0.5920296907424927 0.8316413760185242 0.970419921875
16 0.5528907179832458 0.3255219906568527 0.47055816650390625 0.2763429582118988 0.9529906463623047
7 0.20129335462115705 0.4766008108854294 0.39809712767601013 0.4098457396030426 0.728847885131836
8 0.7290555983781815 0.48209578916430473 0.06771650910377502 0.046051643788814545 0.7135606384277344
