4 0.8143376260995865 0.6006300151348114 0.3713248074054718 0.7046915292739868 0.9860024261474609
1 0.8143376260995865 0.6006300151348114 0.3713248074054718 0.7046915292739868 0.9860024261474609
1 0.2999049350619316 0.5802732706069946 0.5668203234672546 0.837803065776825 0.941683578491211
3 0.8143376260995865 0.6006300151348114 0.3713248074054718 0.7046915292739868 0.9860024261474609
3 0.2999049350619316 0.5802732706069946 0.5668203234672546 0.837803065776825 0.941683578491211
5 0.8143376260995865 0.6006300151348114 0.3713248074054718 0.7046915292739868 0.9860024261474609
0 0.2999049350619316 0.5802732706069946 0.5668203234672546 0.837803065776825 0.941683578491211
2 0.2999049350619316 0.5802732706069946 0.5668203234672546 0.837803065776825 0.941683578491211
16 0.8457400947809219 0.3155406713485718 0.3085154592990875 0.2706032395362854 0.9051217651367187
8 0.8224544860422611 0.4787559565156698 0.07343561202287674 0.045195769518613815 0.7879985046386718
20 0.07119670696556568 0.25484975799918175 0.08641379326581955 0.04730655997991562 0.742088623046875
