0 0.22458668053150177 0.5740004777908325 0.44917336106300354 0.7001070976257324 0.9520287322998047
1 0.22458668053150177 0.5740004777908325 0.44917336106300354 0.7001070976257324 0.9520287322998047
1 0.6458751410245895 0.521759569644928 0.3115524351596832 0.49864333868026733 0.9281064605712891
2 0.22458668053150177 0.5740004777908325 0.44917336106300354 0.7001070976257324 0.9520287322998047
3 0.22458668053150177 0.5740004777908325 0.44917336106300354 0.7001070976257324 0.9520287322998047
3 0.6458751410245895 0.521759569644928 0.3115524351596832 0.49864333868026733 0.9281064605712891
4 0.6458751410245895 0.521759569644928 0.3115524351596832 0.49864333868026733 0.9281064605712891
5 0.6458751410245895 0.521759569644928 0.3115524351596832 0.49864333868026733 0.9281064605712891
8 0.5161055866628885 0.42561595514416695 0.054160941392183304 0.03249869495630264 0.8600984191894532
7 0.21617489960044622 0.4443086236715317 0.42650899291038513 0.3340611159801483 0.7891021728515625
16 0.4364403337240219 0.22506431490182877 0.2805955111980438 0.2302977591753006 0.7358607482910157
