4 0.76035475730896 0.5570383965969086 0.4370042085647583 0.5905030369758606 0.998456802368164
1 0.76035475730896 0.5570383965969086 0.4370042085647583 0.5905030369758606 0.998456802368164
1 0.2812250666320324 0.5825065821409225 0.5593477487564087 0.8349868655204773 0.9589778900146484
3 0.76035475730896 0.5570383965969086 0.4370042085647583 0.5905030369758606 0.998456802368164
3 0.2812250666320324 0.5825065821409225 0.5593477487564087 0.8349868655204773 0.9589778900146484
5 0.76035475730896 0.5570383965969086 0.4370042085647583 0.5905030369758606 0.998456802368164
16 0.44099000096321106 0.3165460675954819 0.4749997854232788 0.2752942740917206 0.96586181640625
0 0.2812250666320324 0.5825065821409225 0.5593477487564087 0.8349868655204773 0.9589778900146484
2 0.2812250666320324 0.5825065821409225 0.5593477487564087 0.8349868655204773 0.9589778900146484
8 0.6929675973951817 0.45781439542770386 0.06428015977144241 0.038492441177368164 0.6167855834960938
