4 0.6816727221012115 0.5659180879592896 0.34398382902145386 0.5543955564498901 0.9960470581054688
1 0.6816727221012115 0.5659180879592896 0.34398382902145386 0.5543955564498901 0.9960470581054688
1 0.23503023386001587 0.6058192551136017 0.47006046772003174 0.7881211042404175 0.9838908386230468
3 0.6816727221012115 0.5659180879592896 0.34398382902145386 0.5543955564498901 0.9960470581054688
3 0.23503023386001587 0.6058192551136017 0.47006046772003174 0.7881211042404175 0.9838908386230468
5 0.6816727221012115 0.5659180879592896 0.34398382902145386 0.5543955564498901 0.9960470581054688
0 0.23503023386001587 0.6058192551136017 0.47006046772003174 0.7881211042404175 0.9838908386230468
2 0.23503023386001587 0.6058192551136017 0.47006046772003174 0.7881211042404175 0.9838908386230468
8 0.5983408689498901 0.4594780318439007 0.05748414993286133 0.03662266582250595 0.7676055908203125
16 0.6744585633277893 0.23691383749246597 0.28124868869781494 0.22734494507312775 0.7593393707275391
7 0.2370034116320312 0.45928919315338135 0.46169862151145935 0.4739905297756195 0.6836669158935547
