3 0.3475435674190521 0.5336650311946869 0.41710948944091797 0.6465758085250854 0.9369544982910156
3 0.669981986284256 0.5041131675243378 0.21807700395584106 0.4889679551124573 0.9354805755615234
3 0.0611698180437088 0.5893557667732239 0.1223396360874176 0.5103309154510498 0.8303980255126953
0 0.3475435674190521 0.5336650311946869 0.41710948944091797 0.6465758085250854 0.9369544982910156
0 0.0611698180437088 0.5893557667732239 0.1223396360874176 0.5103309154510498 0.8303980255126953
1 0.3475435674190521 0.5336650311946869 0.41710948944091797 0.6465758085250854 0.9369544982910156
1 0.669981986284256 0.5041131675243378 0.21807700395584106 0.4889679551124573 0.9354805755615234
1 0.0611698180437088 0.5893557667732239 0.1223396360874176 0.5103309154510498 0.8303980255126953
2 0.3475435674190521 0.5336650311946869 0.41710948944091797 0.6465758085250854 0.9369544982910156
2 0.0611698180437088 0.5893557667732239 0.1223396360874176 0.5103309154510498 0.8303980255126953
4 0.669981986284256 0.5041131675243378 0.21807700395584106 0.4889679551124573 0.9354805755615234
5 0.669981986284256 0.5041131675243378 0.21807700395584106 0.4889679551124573 0.9354805755615234
