0 0.21128255128860474 0.5845796316862106 0.4225651025772095 0.7295488715171814 0.9733251953125
1 0.21128255128860474 0.5845796316862106 0.4225651025772095 0.7295488715171814 0.9733251953125
1 0.6452775448560715 0.5240186154842377 0.30827417969703674 0.4994432330131531 0.9447527313232422
2 0.21128255128860474 0.5845796316862106 0.4225651025772095 0.7295488715171814 0.9733251953125
3 0.21128255128860474 0.5845796316862106 0.4225651025772095 0.7295488715171814 0.9733251953125
3 0.6452775448560715 0.5240186154842377 0.30827417969703674 0.4994432330131531 0.9447527313232422
4 0.6452775448560715 0.5240186154842377 0.30827417969703674 0.4994432330131531 0.9447527313232422
5 0.6452775448560715 0.5240186154842377 0.30827417969703674 0.4994432330131531 0.9447527313232422
16 0.445578396320343 0.22805573046207428 0.2789178490638733 0.22823980450630188 0.8537995910644531
8 0.5167665183544159 0.4286051280796528 0.05487489700317383 0.034273721277713776 0.8514192199707031
7 0.21463575726374984 0.4472346007823944 0.4249052107334137 0.3320005536079407 0.8223045349121094
7 0.6356213837862015 0.45919283479452133 0.27707263827323914 0.2270372360944748 0.6166142654418946
