4 0.7928677499294281 0.5891485214233398 0.4142645001411438 0.6213968396186829 0.9840410614013672
1 0.7928677499294281 0.5891485214233398 0.4142645001411438 0.6213968396186829 0.9840410614013672
1 0.2950856685638428 0.5861190557479858 0.5901713371276855 0.8270145654678345 0.9575741577148438
3 0.7928677499294281 0.5891485214233398 0.4142645001411438 0.6213968396186829 0.9840410614013672
3 0.2950856685638428 0.5861190557479858 0.5901713371276855 0.8270145654678345 0.9575741577148438
5 0.7928677499294281 0.5891485214233398 0.4142645001411438 0.6213968396186829 0.9840410614013672
0 0.2950856685638428 0.5861190557479858 0.5901713371276855 0.8270145654678345 0.9575741577148438
2 0.2950856685638428 0.5861190557479858 0.5901713371276855 0.8270145654678345 0.9575741577148438
16 0.5796838998794556 0.3272797167301178 0.4695938229560852 0.274824857711792 0.9571621704101563
8 0.7377149574458599 0.48430949449539185 0.07042910903692245 0.04404640197753906 0.8112871551513672
7 0.20360534125939012 0.4826729893684387 0.4027240574359894 0.4201641082763672 0.6862564849853515
