4 0.661364421248436 0.5651514828205109 0.35294321179389954 0.5438573956489563 0.9959649658203125
1 0.661364421248436 0.5651514828205109 0.35294321179389954 0.5438573956489563 0.9959649658203125
1 0.24005816876888275 0.6115683764219284 0.4801163375377655 0.7768086791038513 0.9801849365234375
3 0.661364421248436 0.5651514828205109 0.35294321179389954 0.5438573956489563 0.9959649658203125
3 0.24005816876888275 0.6115683764219284 0.4801163375377655 0.7768086791038513 0.9801849365234375
5 0.661364421248436 0.5651514828205109 0.35294321179389954 0.5438573956489563 0.9959649658203125
0 0.24005816876888275 0.6115683764219284 0.4801163375377655 0.7768086791038513 0.9801849365234375
2 0.24005816876888275 0.6115683764219284 0.4801163375377655 0.7768086791038513 0.9801849365234375
16 0.6288905441761017 0.23899351805448532 0.27214229106903076 0.22383074462413788 0.7944111633300781
7 0.6614285707473755 0.47933313995599747 0.3515934944152832 0.22642715275287628 0.6829440307617187
8 0.5838198661804199 0.45720464549958706 0.0579991340637207 0.0378689281642437 0.6805435180664062
