4 0.6270483285188675 0.5574055314064026 0.3328622877597809 0.5364813208580017 0.9768243408203126
1 0.6270483285188675 0.5574055314064026 0.3328622877597809 0.5364813208580017 0.9768243408203126
1 0.218251034617424 0.6151559948921204 0.436502069234848 0.7675111889839172 0.9672048950195312
3 0.6270483285188675 0.5574055314064026 0.3328622877597809 0.5364813208580017 0.9768243408203126
3 0.218251034617424 0.6151559948921204 0.436502069234848 0.7675111889839172 0.9672048950195312
5 0.6270483285188675 0.5574055314064026 0.3328622877597809 0.5364813208580017 0.9768243408203126
0 0.218251034617424 0.6151559948921204 0.436502069234848 0.7675111889839172 0.9672048950195312
2 0.218251034617424 0.6151559948921204 0.436502069234848 0.7675111889839172 0.9672048950195312
16 0.5468899607658386 0.24116377532482147 0.271419882774353 0.22169700264930725 0.8906412506103516
8 0.5487881470471621 0.44239557906985283 0.05540362372994423 0.033781908452510834 0.747987060546875
7 0.6250253617763519 0.47358686476945877 0.33285218477249146 0.2239261418581009 0.6356871795654296
