4 0.7641236335039139 0.5527182817459106 0.40215447545051575 0.5876609086990356 0.9931476593017579
1 0.7641236335039139 0.5527182817459106 0.40215447545051575 0.5876609086990356 0.9931476593017579
1 0.2687445688061416 0.5803712457418442 0.5295449495315552 0.839257538318634 0.9441725158691406
3 0.7641236335039139 0.5527182817459106 0.40215447545051575 0.5876609086990356 0.9931476593017579
3 0.2687445688061416 0.5803712457418442 0.5295449495315552 0.839257538318634 0.9441725158691406
5 0.7641236335039139 0.5527182817459106 0.40215447545051575 0.5876609086990356 0.9931476593017579
16 0.4182370603084564 0.3133932203054428 0.4727995991706848 0.27851104736328125 0.9577823638916015
16 0.8908625692129135 0.2234213799238205 0.21755799651145935 0.24251675605773926 0.6512654113769532
0 0.2687445688061416 0.5803712457418442 0.5295449495315552 0.839257538318634 0.9441725158691406
2 0.2687445688061416 0.5803712457418442 0.5295449495315552 0.839257538318634 0.9441725158691406
8 0.6810145750641823 0.4640131890773773 0.06574340164661407 0.06012535095214844 0.6791893005371094
