4 0.6724814027547836 0.5662635862827301 0.3498118221759796 0.5496581792831421 0.9969736480712891
1 0.6724814027547836 0.5662635862827301 0.3498118221759796 0.5496581792831421 0.9969736480712891
1 0.23761464655399323 0.6075978428125381 0.47522929310798645 0.7835215330123901 0.9744992065429687
3 0.6724814027547836 0.5662635862827301 0.3498118221759796 0.5496581792831421 0.9969736480712891
3 0.23761464655399323 0.6075978428125381 0.47522929310798645 0.7835215330123901 0.9744992065429687
5 0.6724814027547836 0.5662635862827301 0.3498118221759796 0.5496581792831421 0.9969736480712891
0 0.23761464655399323 0.6075978428125381 0.47522929310798645 0.7835215330123901 0.9744992065429687
2 0.23761464655399323 0.6075978428125381 0.47522929310798645 0.7835215330123901 0.9744992065429687
7 0.6729893684387207 0.4801076129078865 0.34799861907958984 0.2243632823228836 0.7584922790527344
16 0.6525801718235016 0.23624161630868912 0.2749994397163391 0.22508516907691956 0.730871810913086
8 0.5937466565519571 0.45873425528407097 0.05882059410214424 0.03875698894262314 0.7159043884277344
