4 0.6368729472160339 0.5652269124984741 0.34983766078948975 0.5393590927124023 0.9876161193847657
1 0.6368729472160339 0.5652269124984741 0.34983766078948975 0.5393590927124023 0.9876161193847657
1 0.22742317616939545 0.613953709602356 0.4548463523387909 0.7718988060951233 0.9846525573730469
3 0.6368729472160339 0.5652269124984741 0.34983766078948975 0.5393590927124023 0.9876161193847657
3 0.22742317616939545 0.613953709602356 0.4548463523387909 0.7718988060951233 0.9846525573730469
5 0.6368729472160339 0.5652269124984741 0.34983766078948975 0.5393590927124023 0.9876161193847657
0 0.22742317616939545 0.613953709602356 0.4548463523387909 0.7718988060951233 0.9846525573730469
2 0.22742317616939545 0.613953709602356 0.4548463523387909 0.7718988060951233 0.9846525573730469
7 0.22720657591708004 0.4826962649822235 0.45108115673065186 0.36273664236068726 0.7703708648681641
8 0.5647740680724382 0.4523621853441 0.055529896169900894 0.036234330385923386 0.7153016662597657
16 0.5858972519636154 0.2426086813211441 0.2673152983188629 0.22173824906349182 0.6858165740966797
