0 0.21923957765102386 0.6136392951011658 0.43847915530204773 0.7708099484443665 0.9612185668945312
1 0.21923957765102386 0.6136392951011658 0.43847915530204773 0.7708099484443665 0.9612185668945312
1 0.6161731481552124 0.551501452922821 0.3098527193069458 0.5280838012695312 0.9550569915771484
2 0.21923957765102386 0.6136392951011658 0.43847915530204773 0.7708099484443665 0.9612185668945312
3 0.21923957765102386 0.6136392951011658 0.43847915530204773 0.7708099484443665 0.9612185668945312
3 0.6161731481552124 0.551501452922821 0.3098527193069458 0.5280838012695312 0.9550569915771484
4 0.6161731481552124 0.551501452922821 0.3098527193069458 0.5280838012695312 0.9550569915771484
5 0.6161731481552124 0.551501452922821 0.3098527193069458 0.5280838012695312 0.9550569915771484
16 0.5298404544591904 0.23900768905878067 0.2756124436855316 0.223528191447258 0.7878329467773437
8 0.542552400380373 0.4392274431884289 0.05570719391107559 0.0352572426199913 0.6698824310302735
7 0.22377291531302035 0.47167307138442993 0.4435167610645294 0.344430148601532 0.6295049667358399
