0 0.28781406598864123 0.5828826874494553 0.5743021368980408 0.8332327604293823 0.9875490570068359
1 0.28781406598864123 0.5828826874494553 0.5743021368980408 0.8332327604293823 0.9875490570068359
1 0.8073460608720779 0.5901266634464264 0.38530781865119934 0.6251118779182434 0.9760716247558594
2 0.28781406598864123 0.5828826874494553 0.5743021368980408 0.8332327604293823 0.9875490570068359
3 0.28781406598864123 0.5828826874494553 0.5743021368980408 0.8332327604293823 0.9875490570068359
3 0.8073460608720779 0.5901266634464264 0.38530781865119934 0.6251118779182434 0.9760716247558594
4 0.8073460608720779 0.5901266634464264 0.38530781865119934 0.6251118779182434 0.9760716247558594
5 0.8073460608720779 0.5901266634464264 0.38530781865119934 0.6251118779182434 0.9760716247558594
16 0.6119863986968994 0.32774782180786133 0.4674166440963745 0.27681607007980347 0.9427194213867187
8 0.7496808394789696 0.49670931696891785 0.07044272124767303 0.06810402870178223 0.8067607116699219
