4 0.8267792910337448 0.6094513237476349 0.34503838419914246 0.7205401659011841 0.9569518280029297
1 0.8267792910337448 0.6094513237476349 0.34503838419914246 0.7205401659011841 0.9569518280029297
1 0.30637447349727154 0.5801679193973541 0.5601962208747864 0.8351478576660156 0.9539303588867187
3 0.8267792910337448 0.6094513237476349 0.34503838419914246 0.7205401659011841 0.9569518280029297
3 0.30637447349727154 0.5801679193973541 0.5601962208747864 0.8351478576660156 0.9539303588867187
5 0.8267792910337448 0.6094513237476349 0.34503838419914246 0.7205401659011841 0.9569518280029297
0 0.30637447349727154 0.5801679193973541 0.5601962208747864 0.8351478576660156 0.9539303588867187
2 0.30637447349727154 0.5801679193973541 0.5601962208747864 0.8351478576660156 0.9539303588867187
16 0.8681737929582596 0.3192499577999115 0.26304617524147034 0.2675008177757263 0.9295745849609375
8 0.8175511620938778 0.4858240969479084 0.07664316147565842 0.04753408581018448 0.8534419250488281
7 0.26455870270729065 0.4970214515924454 0.46244877576828003 0.5023741126060486 0.7436190795898437
