0 0.2837828390765935 0.5816767662763596 0.5614892244338989 0.8344992399215698 0.9659172058105469
1 0.2837828390765935 0.5816767662763596 0.5614892244338989 0.8344992399215698 0.9659172058105469
1 0.8084875047206879 0.604322224855423 0.38302499055862427 0.704818069934845 0.9380174255371094
2 0.2837828390765935 0.5816767662763596 0.5614892244338989 0.8344992399215698 0.9659172058105469
3 0.2837828390765935 0.5816767662763596 0.5614892244338989 0.8344992399215698 0.9659172058105469
3 0.8084875047206879 0.604322224855423 0.38302499055862427 0.704818069934845 0.9380174255371094
4 0.8084875047206879 0.604322224855423 0.38302499055862427 0.704818069934845 0.9380174255371094
5 0.8084875047206879 0.604322224855423 0.38302499055862427 0.704818069934845 0.9380174255371094
20 0.06770017556846142 0.2546759732067585 0.09134027361869812 0.04622862488031387 0.9353112030029297
16 0.8344216346740723 0.3183218836784363 0.33115530014038086 0.27119508385658264 0.9141654205322266
8 0.8189667947590351 0.4783892575651407 0.07245896011590958 0.04507904127240181 0.667664794921875
