4 0.8181655257940292 0.6030313223600388 0.3636690080165863 0.7100672721862793 0.9780088806152344
1 0.8181655257940292 0.6030313223600388 0.3636690080165863 0.7100672721862793 0.9780088806152344
1 0.3019513413310051 0.5814605057239532 0.5633137226104736 0.8353797197341919 0.9624758911132812
3 0.8181655257940292 0.6030313223600388 0.3636690080165863 0.7100672721862793 0.9780088806152344
3 0.3019513413310051 0.5814605057239532 0.5633137226104736 0.8353797197341919 0.9624758911132812
5 0.8181655257940292 0.6030313223600388 0.3636690080165863 0.7100672721862793 0.9780088806152344
0 0.3019513413310051 0.5814605057239532 0.5633137226104736 0.8353797197341919 0.9624758911132812
2 0.3019513413310051 0.5814605057239532 0.5633137226104736 0.8353797197341919 0.9624758911132812
16 0.8606044203042984 0.31653575599193573 0.27772465348243713 0.2710755467414856 0.9091572570800781
8 0.8231639266014099 0.4830013755708933 0.07484626770019531 0.04839019849896431 0.7841515350341797
20 0.06987646594643593 0.26048693619668484 0.08405899256467819 0.048445891588926315 0.73259765625
