4 0.6390756368637085 0.5286464989185333 0.2910544276237488 0.5035132765769958 0.9972027587890625
1 0.6390756368637085 0.5286464989185333 0.2910544276237488 0.5035132765769958 0.9972027587890625
1 0.20123960077762604 0.6084044724702835 0.4024792015552521 0.779201090335846 0.9783092498779297
3 0.6390756368637085 0.5286464989185333 0.2910544276237488 0.5035132765769958 0.9972027587890625
3 0.20123960077762604 0.6084044724702835 0.4024792015552521 0.779201090335846 0.9783092498779297
5 0.6390756368637085 0.5286464989185333 0.2910544276237488 0.5035132765769958 0.9972027587890625
0 0.20123960077762604 0.6084044724702835 0.4024792015552521 0.779201090335846 0.9783092498779297
2 0.20123960077762604 0.6084044724702835 0.4024792015552521 0.779201090335846 0.9783092498779297
8 0.5241040643304586 0.42961786314845085 0.0514766089618206 0.03312697261571884 0.7647469329833985
18 0.21591337025165558 0.45310433208942413 0.4060274362564087 0.3375045359134674 0.6264170455932617
