4 0.6495213657617569 0.5656484365463257 0.35225334763526917 0.5409423112869263 0.997356185913086
1 0.6495213657617569 0.5656484365463257 0.35225334763526917 0.5409423112869263 0.997356185913086
1 0.2331143319606781 0.6132263988256454 0.4662286639213562 0.7733458280563354 0.9786576843261718
3 0.6495213657617569 0.5656484365463257 0.35225334763526917 0.5409423112869263 0.997356185913086
3 0.2331143319606781 0.6132263988256454 0.4662286639213562 0.7733458280563354 0.9786576843261718
5 0.6495213657617569 0.5656484365463257 0.35225334763526917 0.5409423112869263 0.997356185913086
0 0.2331143319606781 0.6132263988256454 0.4662286639213562 0.7733458280563354 0.9786576843261718
2 0.2331143319606781 0.6132263988256454 0.4662286639213562 0.7733458280563354 0.9786576843261718
8 0.5737284850329161 0.4542544838041067 0.05741032585501671 0.0354582779109478 0.8284849548339843
16 0.6076109260320663 0.24030841886997223 0.2735421359539032 0.22353804111480713 0.7927989196777344
