0 0.45824629068374634 0.5290726274251938 0.40565967559814453 0.6484709978103638 0.9738644409179688
1 0.45824629068374634 0.5290726274251938 0.40565967559814453 0.6484709978103638 0.9738644409179688
1 0.7264198735356331 0.5021462291479111 0.22116006910800934 0.48375383019447327 0.9597140502929687
2 0.45824629068374634 0.5290726274251938 0.40565967559814453 0.6484709978103638 0.9738644409179688
3 0.45824629068374634 0.5290726274251938 0.40565967559814453 0.6484709978103638 0.9738644409179688
3 0.7264198735356331 0.5021462291479111 0.22116006910800934 0.48375383019447327 0.9597140502929687
4 0.7264198735356331 0.5021462291479111 0.22116006910800934 0.48375383019447327 0.9597140502929687
5 0.7264198735356331 0.5021462291479111 0.22116006910800934 0.48375383019447327 0.9597140502929687
6 0.784705363214016 0.7107888944447041 0.08772043883800507 0.033164121210575104 0.738146743774414
6 0.68665461987257 0.7255709413439035 0.12696002423763275 0.035665322095155716 0.6414038848876953
8 0.292394632473588 0.45135811530053616 0.057736027985811234 0.03929133340716362 0.5544931411743164
