4 0.7596657872200012 0.5623041391372681 0.45299863815307617 0.5902191400527954 0.9979536437988281
1 0.7596657872200012 0.5623041391372681 0.45299863815307617 0.5902191400527954 0.9979536437988281
1 0.28884878754615784 0.5836560875177383 0.5776975750923157 0.8326878547668457 0.9707594299316407
3 0.7596657872200012 0.5623041391372681 0.45299863815307617 0.5902191400527954 0.9979536437988281
3 0.28884878754615784 0.5836560875177383 0.5776975750923157 0.8326878547668457 0.9707594299316407
5 0.7596657872200012 0.5623041391372681 0.45299863815307617 0.5902191400527954 0.9979536437988281
16 0.46736742556095123 0.3204500824213028 0.4804954528808594 0.2749675214290619 0.9827615356445313
16 0.916220098733902 0.22536616027355194 0.16636735200881958 0.23535823822021484 0.6716246795654297
0 0.28884878754615784 0.5836560875177383 0.5776975750923157 0.8326878547668457 0.9707594299316407
2 0.28884878754615784 0.5836560875177383 0.5776975750923157 0.8326878547668457 0.9707594299316407
8 0.7025917544960976 0.4758687261492014 0.06732554733753204 0.062372732907533646 0.7417137145996093
