16 0.7058045119047165 0.32555995881557465 0.47914448380470276 0.2779088616371155 0.9705457305908203
8 0.04810583696234971 0.2692870441824198 0.09521942585706711 0.05909888818860054 0.9558258819580078
8 0.782662533223629 0.47947249934077263 0.07199816405773163 0.04600181430578232 0.7010898590087891
0 0.2506943168118596 0.5798537135124207 0.4782784581184387 0.8402837514877319 0.9458053588867188
1 0.2506943168118596 0.5798537135124207 0.4782784581184387 0.8402837514877319 0.9458053588867188
1 0.8494108319282532 0.586639016866684 0.30117833614349365 0.6422398686408997 0.8584386444091797
2 0.2506943168118596 0.5798537135124207 0.4782784581184387 0.8402837514877319 0.9458053588867188
3 0.2506943168118596 0.5798537135124207 0.4782784581184387 0.8402837514877319 0.9458053588867188
3 0.8494108319282532 0.586639016866684 0.30117833614349365 0.6422398686408997 0.8584386444091797
4 0.8494108319282532 0.586639016866684 0.30117833614349365 0.6422398686408997 0.8584386444091797
5 0.8494108319282532 0.586639016866684 0.30117833614349365 0.6422398686408997 0.8584386444091797
