4 0.6301150321960449 0.5622343719005585 0.33930665254592896 0.540044903755188 0.9975363159179688
1 0.6301150321960449 0.5622343719005585 0.33930665254592896 0.540044903755188 0.9975363159179688
1 0.2205933928489685 0.6152370870113373 0.441186785697937 0.7694079279899597 0.9660888671875
3 0.6301150321960449 0.5622343719005585 0.33930665254592896 0.540044903755188 0.9975363159179688
3 0.2205933928489685 0.6152370870113373 0.441186785697937 0.7694079279899597 0.9660888671875
5 0.6301150321960449 0.5622343719005585 0.33930665254592896 0.540044903755188 0.9975363159179688
0 0.2205933928489685 0.6152370870113373 0.441186785697937 0.7694079279899597 0.9660888671875
2 0.2205933928489685 0.6152370870113373 0.441186785697937 0.7694079279899597 0.9660888671875
8 0.5565152168273926 0.4471874590963125 0.05645895004272461 0.03374643251299858 0.8803298187255859
16 0.5683908015489578 0.2421490103006363 0.2767188251018524 0.2208440601825714 0.847613296508789
