0 0.45550522208213806 0.5284746289253235 0.4028235673904419 0.646271824836731 0.979417724609375
1 0.45550522208213806 0.5284746289253235 0.4028235673904419 0.646271824836731 0.979417724609375
1 0.7306892424821854 0.5027580112218857 0.22541609406471252 0.4857458174228668 0.9443653869628906
2 0.45550522208213806 0.5284746289253235 0.4028235673904419 0.646271824836731 0.979417724609375
3 0.45550522208213806 0.5284746289253235 0.4028235673904419 0.646271824836731 0.979417724609375
3 0.7306892424821854 0.5027580112218857 0.22541609406471252 0.4857458174228668 0.9443653869628906
4 0.7306892424821854 0.5027580112218857 0.22541609406471252 0.4857458174228668 0.9443653869628906
5 0.7306892424821854 0.5027580112218857 0.22541609406471252 0.4857458174228668 0.9443653869628906
6 0.6902093887329102 0.7267883308231831 0.12806367874145508 0.036185361444950104 0.6213150787353515
6 0.7895686253905296 0.7122511975467205 0.08914332091808319 0.034500740468502045 0.5904095840454101
9 0.4674055725336075 0.39418844133615494 0.2510997951030731 0.24419184029102325 0.5914296340942383
