4 0.8555310517549515 0.6054622977972031 0.2880000174045563 0.7254186868667603 0.9763180541992188
1 0.8555310517549515 0.6054622977972031 0.2880000174045563 0.7254186868667603 0.9763180541992188
1 0.27993445098400116 0.5805586576461792 0.5430478453636169 0.8388827443122864 0.9644068908691407
3 0.8555310517549515 0.6054622977972031 0.2880000174045563 0.7254186868667603 0.9763180541992188
3 0.27993445098400116 0.5805586576461792 0.5430478453636169 0.8388827443122864 0.9644068908691407
5 0.8555310517549515 0.6054622977972031 0.2880000174045563 0.7254186868667603 0.9763180541992188
0 0.27993445098400116 0.5805586576461792 0.5430478453636169 0.8388827443122864 0.9644068908691407
2 0.27993445098400116 0.5805586576461792 0.5430478453636169 0.8388827443122864 0.9644068908691407
8 0.8041899912059307 0.48180448450148106 0.07803180068731308 0.04552178457379341 0.8157511901855469
16 0.884958453476429 0.318448469042778 0.2269461303949356 0.2714792788028717 0.777216796875
