0 0.25490493327379227 0.6256358623504639 0.41945314407348633 0.7191919088363647 0.95893310546875
0 0.8341124057769775 0.6356488168239594 0.32627546787261963 0.7234784364700317 0.8978842163085937
1 0.25490493327379227 0.6256358623504639 0.41945314407348633 0.7191919088363647 0.95893310546875
1 0.8341124057769775 0.6356488168239594 0.32627546787261963 0.7234784364700317 0.8978842163085937
2 0.25490493327379227 0.6256358623504639 0.41945314407348633 0.7191919088363647 0.95893310546875
2 0.8341124057769775 0.6356488168239594 0.32627546787261963 0.7234784364700317 0.8978842163085937
3 0.25490493327379227 0.6256358623504639 0.41945314407348633 0.7191919088363647 0.95893310546875
3 0.8341124057769775 0.6356488168239594 0.32627546787261963 0.7234784364700317 0.8978842163085937
8 0.7226903922855854 0.5186359044164419 0.08029196411371231 0.04035944864153862 0.8794081878662109
22 0.3005549758672714 0.4873815104365349 0.32933342456817627 0.2406274527311325 0.5519601821899414
