0 0.27309231413528323 0.5770321190357208 0.5345454812049866 0.8425544500350952 0.9735086822509765
1 0.27309231413528323 0.5770321190357208 0.5345454812049866 0.8425544500350952 0.9735086822509765
1 0.8604497760534286 0.5952132344245911 0.2791005074977875 0.7482322454452515 0.94048828125
2 0.27309231413528323 0.5770321190357208 0.5345454812049866 0.8425544500350952 0.9735086822509765
3 0.27309231413528323 0.5770321190357208 0.5345454812049866 0.8425544500350952 0.9735086822509765
3 0.8604497760534286 0.5952132344245911 0.2791005074977875 0.7482322454452515 0.94048828125
4 0.8604497760534286 0.5952132344245911 0.2791005074977875 0.7482322454452515 0.94048828125
5 0.8604497760534286 0.5952132344245911 0.2791005074977875 0.7482322454452515 0.94048828125
8 0.7994135841727257 0.4900578334927559 0.07706885039806366 0.06892342865467072 0.8093968963623047
8 0.05279392935335636 0.2700263448059559 0.08104778081178665 0.05601630359888077 0.6361531066894531
16 0.8962402641773224 0.3159731775522232 0.2071811556816101 0.2719367444515228 0.7208115386962891
