4 0.753125473856926 0.6186438500881195 0.48660656809806824 0.750705897808075 0.9864923095703125
1 0.753125473856926 0.6186438500881195 0.48660656809806824 0.750705897808075 0.9864923095703125
1 0.2017908007837832 0.5881837904453278 0.3998529613018036 0.8216017484664917 0.9670240783691406
3 0.753125473856926 0.6186438500881195 0.48660656809806824 0.750705897808075 0.9864923095703125
3 0.2017908007837832 0.5881837904453278 0.3998529613018036 0.8216017484664917 0.9670240783691406
5 0.753125473856926 0.6186438500881195 0.48660656809806824 0.750705897808075 0.9864923095703125
0 0.2017908007837832 0.5881837904453278 0.3998529613018036 0.8216017484664917 0.9670240783691406
2 0.2017908007837832 0.5881837904453278 0.3998529613018036 0.8216017484664917 0.9670240783691406
16 0.6393865048885345 0.6105700731277466 0.2772476077079773 0.2670779824256897 0.6627214050292969
21 0.7097584754228592 0.48390870727598667 0.07364454865455627 0.038881588727235794 0.5545753860473632
