0 0.48044024407863617 0.5280578881502151 0.40162917971611023 0.6488783955574036 0.9654733276367188
0 0.13107761787250638 0.5181317180395126 0.2611444294452667 0.556054413318634 0.8441545104980469
1 0.48044024407863617 0.5280578881502151 0.40162917971611023 0.6488783955574036 0.9654733276367188
1 0.7400265708565712 0.500611424446106 0.2267260104417801 0.48500174283981323 0.942451171875
1 0.13107761787250638 0.5181317180395126 0.2611444294452667 0.556054413318634 0.8441545104980469
2 0.48044024407863617 0.5280578881502151 0.40162917971611023 0.6488783955574036 0.9654733276367188
2 0.13107761787250638 0.5181317180395126 0.2611444294452667 0.556054413318634 0.8441545104980469
3 0.48044024407863617 0.5280578881502151 0.40162917971611023 0.6488783955574036 0.9654733276367188
3 0.7400265708565712 0.500611424446106 0.2267260104417801 0.48500174283981323 0.942451171875
3 0.13107761787250638 0.5181317180395126 0.2611444294452667 0.556054413318634 0.8441545104980469
4 0.7400265708565712 0.500611424446106 0.2267260104417801 0.48500174283981323 0.942451171875
5 0.7400265708565712 0.500611424446106 0.2267260104417801 0.48500174283981323 0.942451171875
6 0.789416991174221 0.7088059075176716 0.08933882415294647 0.03432951122522354 0.8318861389160156
6 0.6944063566625118 0.7240207307040691 0.12250202149152756 0.03629579395055771 0.7616734313964844
7 0.12398778647184372 0.42761048674583435 0.24797557294368744 0.24542057514190674 0.6829808044433594
8 0.3168388847261667 0.44802896305918694 0.05514036491513252 0.03740324825048447 0.666741943359375
