16 0.8135991245508194 0.3255454897880554 0.37280169129371643 0.273011714220047 0.9387519073486328
3 0.2655766091775149 0.5847840905189514 0.5264692902565002 0.8293517231941223 0.9274604034423828
3 0.8066722750663757 0.6110643744468689 0.38665544986724854 0.7109586000442505 0.9023038482666016
0 0.2655766091775149 0.5847840905189514 0.5264692902565002 0.8293517231941223 0.9274604034423828
1 0.2655766091775149 0.5847840905189514 0.5264692902565002 0.8293517231941223 0.9274604034423828
1 0.8066722750663757 0.6110643744468689 0.38665544986724854 0.7109586000442505 0.9023038482666016
2 0.2655766091775149 0.5847840905189514 0.5264692902565002 0.8293517231941223 0.9274604034423828
20 0.06950669921934605 0.25909431651234627 0.09441071003675461 0.04521212726831436 0.9132661437988281
4 0.8066722750663757 0.6110643744468689 0.38665544986724854 0.7109586000442505 0.9023038482666016
5 0.8066722750663757 0.6110643744468689 0.38665544986724854 0.7109586000442505 0.9023038482666016
8 0.8138164654374123 0.4788116868585348 0.07324452698230743 0.04413289949297905 0.6002542877197266
