4 0.6439324766397476 0.5254960209131241 0.29924193024635315 0.4987591803073883 0.9837067413330078
1 0.6439324766397476 0.5254960209131241 0.29924193024635315 0.4987591803073883 0.9837067413330078
1 0.20108701288700104 0.5983836203813553 0.4021740257740021 0.7646110653877258 0.9813908386230469
3 0.6439324766397476 0.5254960209131241 0.29924193024635315 0.4987591803073883 0.9837067413330078
3 0.20108701288700104 0.5983836203813553 0.4021740257740021 0.7646110653877258 0.9813908386230469
5 0.6439324766397476 0.5254960209131241 0.29924193024635315 0.4987591803073883 0.9837067413330078
0 0.20108701288700104 0.5983836203813553 0.4021740257740021 0.7646110653877258 0.9813908386230469
2 0.20108701288700104 0.5983836203813553 0.4021740257740021 0.7646110653877258 0.9813908386230469
7 0.2079356147442013 0.45047353208065033 0.41036832332611084 0.33576223254203796 0.8723460388183594
8 0.5197536330670118 0.4300041254609823 0.053607162088155746 0.033835601061582565 0.759670639038086
16 0.6498517990112305 0.1955653354525566 0.6988669037818909 0.32836443185806274 0.6780788421630859
