4 0.8067746162414551 0.6056943237781525 0.38645076751708984 0.7087896466255188 0.9745051574707031
1 0.8067746162414551 0.6056943237781525 0.38645076751708984 0.7087896466255188 0.9745051574707031
1 0.2714194164145738 0.5820592194795609 0.5393750667572021 0.8304551243782043 0.9405020141601562
3 0.8067746162414551 0.6056943237781525 0.38645076751708984 0.7087896466255188 0.9745051574707031
3 0.2714194164145738 0.5820592194795609 0.5393750667572021 0.8304551243782043 0.9405020141601562
5 0.8067746162414551 0.6056943237781525 0.38645076751708984 0.7087896466255188 0.9745051574707031
16 0.822127640247345 0.32216474413871765 0.35574471950531006 0.27225378155708313 0.942918930053711
0 0.2714194164145738 0.5820592194795609 0.5393750667572021 0.8304551243782043 0.9405020141601562
2 0.2714194164145738 0.5820592194795609 0.5393750667572021 0.8304551243782043 0.9405020141601562
20 0.06707876175642014 0.2566276341676712 0.09281103312969208 0.0457003116607666 0.8833898162841797
8 0.8161064870655537 0.47879616543650627 0.07394573837518692 0.045142315328121185 0.7739326477050781
