0 0.2197478711605072 0.5761595368385315 0.4394957423210144 0.8451955914497375 0.9762171173095703
1 0.2197478711605072 0.5761595368385315 0.4394957423210144 0.8451955914497375 0.9762171173095703
1 0.8596445471048355 0.5949946343898773 0.27943888306617737 0.7420787811279297 0.9706493377685547
2 0.2197478711605072 0.5761595368385315 0.4394957423210144 0.8451955914497375 0.9762171173095703
3 0.2197478711605072 0.5761595368385315 0.4394957423210144 0.8451955914497375 0.9762171173095703
3 0.8596445471048355 0.5949946343898773 0.27943888306617737 0.7420787811279297 0.9706493377685547
4 0.8596445471048355 0.5949946343898773 0.27943888306617737 0.7420787811279297 0.9706493377685547
5 0.8596445471048355 0.5949946343898773 0.27943888306617737 0.7420787811279297 0.9706493377685547
8 0.7675498388707638 0.46852225065231323 0.07862012833356857 0.046942949295043945 0.882581558227539
11 0.34081243723630905 0.468812495470047 0.22376690804958344 0.2556731104850769 0.6807313537597657
