0 0.41399239003658295 0.5284555107355118 0.40397748351097107 0.6450823545455933 0.9634199523925782
0 0.13138985633850098 0.5463339239358902 0.26277971267700195 0.49952593445777893 0.917726058959961
1 0.41399239003658295 0.5284555107355118 0.40397748351097107 0.6450823545455933 0.9634199523925782
1 0.729701042175293 0.503472775220871 0.24408769607543945 0.490959107875824 0.9263252258300781
1 0.13138985633850098 0.5463339239358902 0.26277971267700195 0.49952593445777893 0.917726058959961
2 0.41399239003658295 0.5284555107355118 0.40397748351097107 0.6450823545455933 0.9634199523925782
2 0.13138985633850098 0.5463339239358902 0.26277971267700195 0.49952593445777893 0.917726058959961
3 0.41399239003658295 0.5284555107355118 0.40397748351097107 0.6450823545455933 0.9634199523925782
3 0.729701042175293 0.503472775220871 0.24408769607543945 0.490959107875824 0.9263252258300781
3 0.13138985633850098 0.5463339239358902 0.26277971267700195 0.49952593445777893 0.917726058959961
4 0.729701042175293 0.503472775220871 0.24408769607543945 0.490959107875824 0.9263252258300781
5 0.729701042175293 0.503472775220871 0.24408769607543945 0.490959107875824 0.9263252258300781
7 0.41598016023635864 0.42464302480220795 0.37638914585113525 0.3062156140804291 0.6012653732299804
