4 0.7486111968755722 0.5559365451335907 0.3049578368663788 0.5777089595794678 0.9847938537597656
1 0.7486111968755722 0.5559365451335907 0.3049578368663788 0.5777089595794678 0.9847938537597656
1 0.22244148887693882 0.5862041562795639 0.43406322598457336 0.8273485898971558 0.9502619934082032
3 0.7486111968755722 0.5559365451335907 0.3049578368663788 0.5777089595794678 0.9847938537597656
3 0.22244148887693882 0.5862041562795639 0.43406322598457336 0.8273485898971558 0.9502619934082032
5 0.7486111968755722 0.5559365451335907 0.3049578368663788 0.5777089595794678 0.9847938537597656
0 0.22244148887693882 0.5862041562795639 0.43406322598457336 0.8273485898971558 0.9502619934082032
2 0.22244148887693882 0.5862041562795639 0.43406322598457336 0.8273485898971558 0.9502619934082032
16 0.2652076482772827 0.31526558101177216 0.5304152965545654 0.28150811791419983 0.8316695404052734
16 0.7981756776571274 0.2284850999712944 0.2835502326488495 0.22901955246925354 0.824810791015625
9 0.22527174279093742 0.47881680727005005 0.3873276710510254 0.42423033714294434 0.7433511352539063
8 0.6299329232424498 0.4525919556617737 0.06096323952078819 0.038594722747802734 0.684629898071289
