4 0.6455250084400177 0.5191331654787064 0.30021190643310547 0.49434080719947815 0.9742943572998047
1 0.6455250084400177 0.5191331654787064 0.30021190643310547 0.49434080719947815 0.9742943572998047
1 0.2524610641703475 0.5633022785186768 0.5042011141777039 0.6853375434875488 0.9710453033447266
3 0.6455250084400177 0.5191331654787064 0.30021190643310547 0.49434080719947815 0.9742943572998047
3 0.2524610641703475 0.5633022785186768 0.5042011141777039 0.6853375434875488 0.9710453033447266
5 0.6455250084400177 0.5191331654787064 0.30021190643310547 0.49434080719947815 0.9742943572998047
0 0.2524610641703475 0.5633022785186768 0.5042011141777039 0.6853375434875488 0.9710453033447266
2 0.2524610641703475 0.5633022785186768 0.5042011141777039 0.6853375434875488 0.9710453033447266
8 0.5212291665375233 0.42378707602620125 0.052195288240909576 0.034195996820926666 0.8098497772216797
7 0.23645937256515026 0.4384911507368088 0.4619832932949066 0.33441945910453796 0.778321533203125
16 0.6369722485542297 0.2201370820403099 0.7197490334510803 0.25544580817222595 0.6474737548828124
