4 0.8511153310537338 0.5843411684036255 0.2977692782878876 0.6451682448387146 0.9635711669921875
1 0.8511153310537338 0.5843411684036255 0.2977692782878876 0.6451682448387146 0.9635711669921875
1 0.2418479397892952 0.5798713266849518 0.4223611652851105 0.8401885032653809 0.9457492828369141
3 0.8511153310537338 0.5843411684036255 0.2977692782878876 0.6451682448387146 0.9635711669921875
3 0.2418479397892952 0.5798713266849518 0.4223611652851105 0.8401885032653809 0.9457492828369141
5 0.8511153310537338 0.5843411684036255 0.2977692782878876 0.6451682448387146 0.9635711669921875
16 0.7349021732807159 0.3248823285102844 0.48418349027633667 0.27615422010421753 0.9545449829101562
0 0.2418479397892952 0.5798713266849518 0.4223611652851105 0.8401885032653809 0.9457492828369141
2 0.2418479397892952 0.5798713266849518 0.4223611652851105 0.8401885032653809 0.9457492828369141
8 0.05937408655881882 0.26423750445246696 0.09555389732122421 0.059174202382564545 0.8825565338134765
8 0.7922255247831345 0.4758221749216318 0.07272157073020935 0.04434995725750923 0.657304916381836
