3 0.2433725968003273 0.5794748812913895 0.4239918887615204 0.8391183018684387 0.9377390289306641
3 0.839421734213829 0.5821094810962677 0.3211565911769867 0.6461993455886841 0.9125583648681641
0 0.2433725968003273 0.5794748812913895 0.4239918887615204 0.8391183018684387 0.9377390289306641
1 0.2433725968003273 0.5794748812913895 0.4239918887615204 0.8391183018684387 0.9377390289306641
1 0.839421734213829 0.5821094810962677 0.3211565911769867 0.6461993455886841 0.9125583648681641
2 0.2433725968003273 0.5794748812913895 0.4239918887615204 0.8391183018684387 0.9377390289306641
16 0.7602677494287491 0.3242678642272949 0.47946444153785706 0.276447594165802 0.9290576934814453
4 0.839421734213829 0.5821094810962677 0.3211565911769867 0.6461993455886841 0.9125583648681641
5 0.839421734213829 0.5821094810962677 0.3211565911769867 0.6461993455886841 0.9125583648681641
8 0.8020629994571209 0.47143490239977837 0.07216574996709824 0.04135718196630478 0.841722640991211
8 0.06579847820103168 0.26148182712495327 0.09914574772119522 0.055095743387937546 0.7061759185791016
