4 0.7334635257720947 0.5580361783504486 0.3023773431777954 0.5700898766517639 0.9883074188232421
1 0.7334635257720947 0.5580361783504486 0.3023773431777954 0.5700898766517639 0.9883074188232421
1 0.22082326139206998 0.5916154682636261 0.44112518429756165 0.8126698732376099 0.9421514129638672
3 0.7334635257720947 0.5580361783504486 0.3023773431777954 0.5700898766517639 0.9883074188232421
3 0.22082326139206998 0.5916154682636261 0.44112518429756165 0.8126698732376099 0.9421514129638672
5 0.7334635257720947 0.5580361783504486 0.3023773431777954 0.5700898766517639 0.9883074188232421
0 0.22082326139206998 0.5916154682636261 0.44112518429756165 0.8126698732376099 0.9421514129638672
2 0.22082326139206998 0.5916154682636261 0.44112518429756165 0.8126698732376099 0.9421514129638672
8 0.6167219392955303 0.46080733463168144 0.059180520474910736 0.049741409718990326 0.78720458984375
16 0.7523834407329559 0.22964965552091599 0.27633029222488403 0.22478929162025452 0.6070605087280273
9 0.22647187393158674 0.48046985268592834 0.4272110164165497 0.4112909436225891 0.5578996658325195
