4 0.7672093510627747 0.5751368403434753 0.4615525007247925 0.6030880212783813 0.9959649658203125
1 0.7672093510627747 0.5751368403434753 0.4615525007247925 0.6030880212783813 0.9959649658203125
1 0.2953900396823883 0.5829709470272064 0.5907800793647766 0.8340579867362976 0.9797678375244141
3 0.7672093510627747 0.5751368403434753 0.4615525007247925 0.6030880212783813 0.9959649658203125
3 0.2953900396823883 0.5829709470272064 0.5907800793647766 0.8340579867362976 0.9797678375244141
5 0.7672093510627747 0.5751368403434753 0.4615525007247925 0.6030880212783813 0.9959649658203125
0 0.2953900396823883 0.5829709470272064 0.5907800793647766 0.8340579867362976 0.9797678375244141
2 0.2953900396823883 0.5829709470272064 0.5907800793647766 0.8340579867362976 0.9797678375244141
16 0.5223497897386551 0.3240453600883484 0.4643397033214569 0.27589282393455505 0.7990042877197265
7 0.20297225192189217 0.47863833606243134 0.4038172662258148 0.4097553789615631 0.7031270599365235
8 0.7181844860315323 0.4830136951059103 0.06906595826148987 0.0550965778529644 0.6817034149169922
