0 0.2644882189342752 0.5791543126106262 0.5274410247802734 0.8416913747787476 0.9835875701904296
1 0.2644882189342752 0.5791543126106262 0.5274410247802734 0.8416913747787476 0.9835875701904296
1 0.8351818770170212 0.5862685441970825 0.32813760638237 0.6381872892379761 0.9645284271240234
2 0.2644882189342752 0.5791543126106262 0.5274410247802734 0.8416913747787476 0.9835875701904296
3 0.2644882189342752 0.5791543126106262 0.5274410247802734 0.8416913747787476 0.9835875701904296
3 0.8351818770170212 0.5862685441970825 0.32813760638237 0.6381872892379761 0.9645284271240234
4 0.8351818770170212 0.5862685441970825 0.32813760638237 0.6381872892379761 0.9645284271240234
5 0.8351818770170212 0.5862685441970825 0.32813760638237 0.6381872892379761 0.9645284271240234
16 0.6753413081169128 0.3246094137430191 0.47874128818511963 0.27773573994636536 0.9585420227050782
7 0.21253192389849573 0.4980408847332001 0.422158807516098 0.4571850895881653 0.7424365234375
8 0.772446695715189 0.4787517134100199 0.07349169999361038 0.04187612608075142 0.7145120239257813
8 0.044725453310093144 0.273215651512146 0.08938451111316681 0.05718541145324707 0.6276939010620117
