4 0.7768993526697159 0.551845371723175 0.35549142956733704 0.5894796252250671 0.9922633361816406
1 0.7768993526697159 0.551845371723175 0.35549142956733704 0.5894796252250671 0.9922633361816406
1 0.2583234403282404 0.5782934427261353 0.5117976665496826 0.8434131741523743 0.9537840270996094
3 0.7768993526697159 0.551845371723175 0.35549142956733704 0.5894796252250671 0.9922633361816406
3 0.2583234403282404 0.5782934427261353 0.5117976665496826 0.8434131741523743 0.9537840270996094
5 0.7768993526697159 0.551845371723175 0.35549142956733704 0.5894796252250671 0.9922633361816406
0 0.2583234403282404 0.5782934427261353 0.5117976665496826 0.8434131741523743 0.9537840270996094
2 0.2583234403282404 0.5782934427261353 0.5117976665496826 0.8434131741523743 0.9537840270996094
16 0.3842654526233673 0.3132146745920181 0.48651036620140076 0.28034886717796326 0.9162981414794922
8 0.6695905327796936 0.44949914142489433 0.06432628631591797 0.03815712779760361 0.6597280120849609
