4 0.7585824131965637 0.5557694733142853 0.31207752227783203 0.5800299644470215 0.9932651519775391
1 0.7585824131965637 0.5557694733142853 0.31207752227783203 0.5800299644470215 0.9932651519775391
1 0.226111477939412 0.5823860466480255 0.4469686448574066 0.8352279663085938 0.9756008148193359
3 0.7585824131965637 0.5557694733142853 0.31207752227783203 0.5800299644470215 0.9932651519775391
3 0.226111477939412 0.5823860466480255 0.4469686448574066 0.8352279663085938 0.9756008148193359
5 0.7585824131965637 0.5557694733142853 0.31207752227783203 0.5800299644470215 0.9932651519775391
0 0.226111477939412 0.5823860466480255 0.4469686448574066 0.8352279663085938 0.9756008148193359
2 0.226111477939412 0.5823860466480255 0.4469686448574066 0.8352279663085938 0.9756008148193359
16 0.31919896602630615 0.3166246563196182 0.48125317692756653 0.2806832194328308 0.9039946746826172
16 0.823144868016243 0.22770293802022934 0.2885855734348297 0.23027515411376953 0.8346247863769531
8 0.6363662909716368 0.4514499418437481 0.06167038902640343 0.03808750957250595 0.8117295837402344
