0 0.27939918637275696 0.5799848139286041 0.5587983727455139 0.8386848568916321 0.9901516723632813
1 0.27939918637275696 0.5799848139286041 0.5587983727455139 0.8386848568916321 0.9901516723632813
1 0.8184080123901367 0.5886402130126953 0.36318397521972656 0.6315771341323853 0.9806006622314453
2 0.27939918637275696 0.5799848139286041 0.5587983727455139 0.8386848568916321 0.9901516723632813
3 0.27939918637275696 0.5799848139286041 0.5587983727455139 0.8386848568916321 0.9901516723632813
3 0.8184080123901367 0.5886402130126953 0.36318397521972656 0.6315771341323853 0.9806006622314453
4 0.8184080123901367 0.5886402130126953 0.36318397521972656 0.6315771341323853 0.9806006622314453
5 0.8184080123901367 0.5886402130126953 0.36318397521972656 0.6315771341323853 0.9806006622314453
16 0.6443890184164047 0.32497526705265045 0.4749963581562042 0.27770504355430603 0.935704345703125
7 0.21115330583415926 0.4918393939733505 0.4183708429336548 0.4417954981327057 0.7452433013916016
19 0.03859879495939822 0.27898331359028816 0.0771251991391182 0.05689988285303116 0.7038227081298828
8 0.761265479028225 0.4811553470790386 0.07409815490245819 0.04227390140295029 0.6848701477050781
