4 0.7833284139633179 0.5524239242076874 0.3152271509170532 0.5876522064208984 0.9972941589355468
1 0.7833284139633179 0.5524239242076874 0.3152271509170532 0.5876522064208984 0.9972941589355468
1 0.2446896790061146 0.5790807902812958 0.48488757014274597 0.8418384790420532 0.9841497802734375
3 0.7833284139633179 0.5524239242076874 0.3152271509170532 0.5876522064208984 0.9972941589355468
3 0.2446896790061146 0.5790807902812958 0.48488757014274597 0.8418384790420532 0.9841497802734375
5 0.7833284139633179 0.5524239242076874 0.3152271509170532 0.5876522064208984 0.9972941589355468
0 0.2446896790061146 0.5790807902812958 0.48488757014274597 0.8418384790420532 0.9841497802734375
2 0.2446896790061146 0.5790807902812958 0.48488757014274597 0.8418384790420532 0.9841497802734375
16 0.37345005571842194 0.3135421425104141 0.4595986306667328 0.2834225296974182 0.9176704406738281
16 0.8651133626699448 0.22175785154104233 0.2697732150554657 0.23268838226795197 0.8767231750488281
8 0.6566646359860897 0.44794803857803345 0.06514232605695724 0.03658795356750488 0.8723241424560547
7 0.21121319197118282 0.47348402440547943 0.419887512922287 0.4325734078884125 0.7386076354980469
