4 0.7682550400495529 0.5542087852954865 0.31090518832206726 0.5853486061096191 0.9935682678222656
1 0.7682550400495529 0.5542087852954865 0.31090518832206726 0.5853486061096191 0.9935682678222656
1 0.23403644829522818 0.580255389213562 0.4649181365966797 0.8394892811775208 0.9833391571044922
3 0.7682550400495529 0.5542087852954865 0.31090518832206726 0.5853486061096191 0.9935682678222656
3 0.23403644829522818 0.580255389213562 0.4649181365966797 0.8394892811775208 0.9833391571044922
5 0.7682550400495529 0.5542087852954865 0.31090518832206726 0.5853486061096191 0.9935682678222656
0 0.23403644829522818 0.580255389213562 0.4649181365966797 0.8394892811775208 0.9833391571044922
2 0.23403644829522818 0.580255389213562 0.4649181365966797 0.8394892811775208 0.9833391571044922
16 0.3446822836995125 0.31600701808929443 0.47108668088912964 0.28172993659973145 0.9115019226074219
16 0.8479170650243759 0.2258063703775406 0.2880527675151825 0.23001828789710999 0.715814208984375
8 0.6450559664517641 0.4534333348274231 0.06204787269234657 0.04484724998474121 0.8544252777099609
