0 0.3369734436273575 0.6247127056121826 0.3903387784957886 0.6931034326553345 0.9700323486328125
0 0.8058867454528809 0.6393020749092102 0.3868516683578491 0.718501091003418 0.9342176818847656
1 0.3369734436273575 0.6247127056121826 0.3903387784957886 0.6931034326553345 0.9700323486328125
1 0.8058867454528809 0.6393020749092102 0.3868516683578491 0.718501091003418 0.9342176818847656
2 0.3369734436273575 0.6247127056121826 0.3903387784957886 0.6931034326553345 0.9700323486328125
2 0.8058867454528809 0.6393020749092102 0.3868516683578491 0.718501091003418 0.9342176818847656
3 0.3369734436273575 0.6247127056121826 0.3903387784957886 0.6931034326553345 0.9700323486328125
3 0.8058867454528809 0.6393020749092102 0.3868516683578491 0.718501091003418 0.9342176818847656
8 0.6881605982780457 0.5281895641237497 0.07856464385986328 0.0379522331058979 0.6802688598632812
22 0.37026403844356537 0.4857882857322693 0.27490681409835815 0.21760952472686768 0.5819982147216797
